stt
0
12
13
14
15
16
17
18
19
20
21
22
23
24
25
492
27
207
219
370
398
423
504
3
31
45
61
425
435
446
458
483
494
518
523
30
32
46
62
79
91
459
471
484
493
522
524
180
231
239
257
275
286
301
315
329
330
349
350
375
377
402
427
437
439
449
451
462
464
474
476
486
517
6
34
48
64
82
131
134
137
141
146
151
157
268
416
418
432
543
559
566
568
570
572
574
577
581
33
47
63
81
92
99
111
121
126
129
132
135
138
142
147
152
158
236
252
269
388
417
419
433
544
551
560
567
569
573
575
576
578
582
596
8
36
50
66
94
112
122
198
204
212
218
283
296
311
324
344
346
365
367
394
396
587
589
602
604
620
622
9
35
49
51
65
67
93
95
100
101
113
167
176
190
205
217
312
325
345
366
368
395
588
590
603
605
621
623
52
68
102
148
153
159
163
168
606
624
11
41
43
58
60
76
78
88
90
97
108
110
119
124
297
579
592
594
613
42
59
77
89
98
109
118
120
125
128
130
206
580
593
595
612
614
630
26
28
29
37
38
39
40
44
371
373
400
424
434
444
456
469
482
509
516
53
69
103
114
136
139
143
149
154
160
164
169
607
625
54
70
104
115
123
140
144
150
155
161
165
170
177
608
626
55
56
57
192
199
326
369
499
372
399
445
457
470
80
525
529
533
71
105
116
156
162
166
171
178
191
397
609
627
72
106
117
133
179
610
628
73
107
611
629
87
96
253
270
74
75
83
84
85
86
272
284
298
313
327
347
447
460
472
505
510
526
530
534
545
591
127
342
361
363
390
392
421
584
598
600
616
618
197
267
415
542
558
565
571
145
172
173
174
175
181
182
183
184
185
186
187
188
189
194
201
210
215
222
227
233
242
260
278
290
305
319
335
355
382
408
519
521
528
532
203
235
244
262
280
292
307
321
337
357
384
410
535
195
202
211
216
223
228
234
243
245
261
263
279
281
291
293
306
308
320
322
336
338
356
358
383
385
409
411
536
546
552
246
264
282
294
309
339
359
386
412
537
547
553
193
196
208
213
220
225
230
238
240
256
258
274
276
285
287
300
302
316
331
351
376
378
403
404
428
429
438
440
450
452
463
465
475
477
485
487
495
500
200
209
214
221
226
232
241
259
277
289
304
318
334
354
381
407
515
520
527
247
265
340
360
387
413
538
548
249
540
550
555
562
248
250
539
549
554
556
561
563
251
266
414
541
557
564
224
229
237
295
389
420
583
597
615
254
255
288
303
317
332
352
379
405
430
441
453
466
478
488
496
501
506
271
273
299
314
328
348
374
401
426
436
448
461
473
513
531
310
323
343
364
393
586
601
619
333
353
380
406
431
442
454
467
479
489
497
502
341
362
443
455
468
480
490
498
503
507
391
422
585
599
617
481
491
508
511
512
514
stt
1
stt
2
stt
4
stt
5
stt
7
stt
10
stt
0
29
30
31
32
33
34
35
36
37
38
39
40
41
42
43
44
45
46
47
48
49
50
51
52
53
54
55
56
57
77
79
97
99
119
121
139
141
158
160
179
181
199
201
223
225
248
250
276
278
306
308
335
360
384
427
508
541
570
600
629
631
657
659
680
682
701
721
745
759
779
809
834
854
856
877
896
898
917
930
932
943
945
965
973
979
986
998
1000
1009
1010
1039
1055
1071
1073
1086
1088
1138
1164
1196
1198
1347
1389
1421
2
101
123
143
162
183
203
227
252
280
310
338
362
386
479
510
543
573
603
632
661
683
703
723
747
761
781
811
858
880
900
933
946
1002
1115
1140
1269
1310
1349
1391
3
80
81
100
102
122
124
142
144
161
163
182
202
226
228
251
253
279
281
309
311
337
339
363
387
408
428
451
478
480
509
511
542
544
572
574
602
604
633
660
702
722
724
746
748
760
762
780
782
812
836
857
859
879
881
899
901
947
966
967
974
980
987
1001
1003
1024
1057
1074
1089
1141
1199
1231
1270
1309
1311
1348
1350
1390
1392
1422
4
59
82
103
125
145
164
184
204
254
282
312
340
364
388
409
429
481
512
545
575
605
634
763
783
813
837
860
882
902
968
975
981
988
1011
1116
1142
1166
1200
1232
1271
1312
1351
1393
1423
5
60
83
104
126
146
165
185
205
229
255
283
313
341
410
430
482
513
546
576
606
635
725
764
784
814
919
934
989
1012
1090
1143
1167
1201
1233
1272
1313
1394
84
105
127
147
166
186
206
230
389
411
431
452
483
514
547
577
607
636
662
785
969
976
1025
1058
1075
1091
1117
1168
1202
1273
1314
1395
1424
1443
7
61
85
106
128
148
149
167
169
187
189
207
209
231
233
256
258
284
286
314
316
342
344
365
367
390
392
412
414
432
434
453
455
484
486
515
517
548
550
578
580
608
610
637
663
749
765
767
786
935
990
991
1004
1014
1026
1028
1040
1042
1059
1061
1076
1078
1092
1094
1118
1120
1169
1203
1234
1236
1274
1276
1316
1396
1425
1444
1446
1467
1490
8
62
86
107
129
150
168
170
188
190
208
210
232
234
257
259
285
287
315
317
343
345
366
368
391
393
413
415
433
435
454
456
485
487
516
518
549
579
609
611
664
726
750
766
970
1005
1013
1015
1027
1029
1041
1060
1077
1079
1093
1095
1119
1121
1170
1204
1235
1275
1277
1315
1317
1352
1353
1397
1426
1445
1466
1468
1491
9
63
191
211
235
260
288
318
346
369
394
416
436
457
488
519
551
581
1016
1030
1043
1062
1096
1122
1144
1205
1237
1278
1318
1354
1469
1492
10
64
87
236
261
289
319
347
370
395
417
437
458
489
520
582
1017
1044
1080
1123
1145
1171
1206
1238
1279
1319
1398
1427
1447
1470
1493
65
88
108
262
290
320
348
371
418
438
459
490
521
1018
1063
1097
1124
1146
1172
1207
1239
1280
1320
1399
1428
1448
1471
12
67
90
110
151
171
192
213
238
264
292
523
1064
1099
1148
1174
1209
1241
1282
1322
1356
1449
1473
1494
13
66
68
89
91
109
111
130
212
214
237
239
263
265
291
321
349
372
396
419
439
460
491
522
552
1031
1098
1125
1126
1147
1149
1173
1175
1208
1210
1240
1242
1281
1283
1321
1323
1355
1357
1400
1450
1472
1474
1495
14
69
92
112
553
1100
1127
1150
1176
1211
1243
1284
1324
1358
1401
1475
15
524
554
583
612
638
1101
1128
1151
1177
1212
1244
1285
1325
1359
1402
1476
440
461
492
525
555
584
613
639
977
982
1019
1032
1102
1178
1213
1245
1286
1326
1360
1496
473
561
592
618
620
644
707
733
752
770
792
794
820
822
843
845
867
869
887
889
907
909
959
971
1007
1021
1036
1053
1069
1084
1111
1132
1155
1184
1186
1253
1371
1432
1453
1455
1480
1482
1501
1503
447
593
621
623
645
647
669
753
771
795
823
846
848
870
872
890
892
910
960
962
1255
1293
1434
1483
1504
19
648
670
687
689
709
797
826
849
851
873
937
963
1374
1375
1408
1435
1456
20
114
132
173
194
217
269
298
299
327
328
355
378
671
672
688
690
710
754
772
796
798
825
827
850
874
938
1376
1407
1409
1436
21
72
94
115
133
153
174
195
218
243
270
300
329
673
691
734
755
773
939
1332
1377
1410
134
196
219
244
624
649
692
735
774
799
828
940
1333
1378
1411
23
73
220
221
246
271
301
448
475
537
594
650
674
676
711
737
739
801
893
924
1256
1295
1297
1335
1337
1380
1382
1413
1458
74
154
197
302
330
331
356
379
536
564
565
651
675
712
738
800
802
829
911
912
925
926
1296
1298
1336
1338
1381
1457
1459
25
155
177
628
654
677
696
716
740
756
1158
1188
1190
1223
1225
1261
1263
1301
1303
1339
1341
1383
1415
1437
1439
1485
1487
1507
1509
26
116
117
697
717
741
804
830
853
1157
1159
1189
1191
1224
1226
1262
1264
1302
1304
1340
1342
1384
1414
1416
1438
1440
1464
1465
1486
1488
1508
1510
27
757
777
805
1134
1160
1192
1227
1265
1305
1343
1385
1417
1441
